38203.74822724317,38478.19185933106,1550.9503997531185,1793.6028138585414,589,609.0
47564.16334217825,47821.30348453053,41633.23325849171,41906.78187817093,150,170.0
33154.62299841449,33426.75204039817,39791.034171273655,40064.848677090915,831,851.0
22096.85185223782,22342.693676610535,25550.728549384323,25784.857243467624,690,710.0
5290.906764769259,5535.377128594538,19909.88306597243,20140.403835959245,553,573.0
33141.665167353625,33382.51211232982,39414.13030259031,39657.24649587514,922,942.0
25601.9761760492,25844.540272285543,12990.36028588741,13222.506187950456,596,616.0
28156.590719723285,28413.94368105839,39379.21950865473,39624.13642874663,364,384.0
10397.834733689237,10628.670485053559,48617.0,48850.08291984829,736,756.0
36648.36647124742,36877.55184337857,48191.095216513066,48420.629469913445,58,78.0
16136.563277083065,16366.91682384118,46996.54512544595,47270.69896043744,157,177.0
32673.974520846263,32927.76775924672,25201.520684921168,25469.312800858337,189,209.0
4704.0,4967.902649538806,12618.153205105249,12844.339342921548,297,317.0
40232.39465626031,40501.45079654648,9965.238094559802,10206.080282251996,788,808.0
44920.1520382843,45182.2018461292,45961.985705423605,46200.87138302569,358,378.0
32527.782945400028,32765.228708760194,31172.819648522847,31416.90046515337,664,684.0
16090.251654407966,16315.550190848988,44738.457983453794,45003.50495435592,971,991.0
41904.80370791728,42167.45387436697,36091.11340608592,36357.72757078827,926,946.0
31883.71872804436,32124.41973540117,27394.588669591692,27660.04861280591,864,884.0
8133.9025226074755,8368.531709320465,26582.57115672915,26814.202438953223,722,742.0
44660.18581291394,44892.01873429243,40075.64152815258,40306.59014937845,690,710.0
28656.33924354058,28907.57371795319,36205.166727653625,36443.354206881966,264,284.0
29899.909483003834,30169.392910133607,7548.241174454535,7821.330645523304,281,301.0
28306.505841683233,28576.067645102645,36274.31459845618,36512.92480147818,573,593.0
15163.743679711513,15400.916460597133,48506.942289635364,48735.81978631938,425,445.0
31888.927369502046,32150.61547050891,12884.003355864592,13158.25177815814,341,361.0
21507.234638476773,21755.124341060877,6600.9844532157385,6832.984445302464,941,961.0
28400.58689130131,28665.95435832506,44126.91160862885,44401.29132497268,358,378.0
30775.188297177858,31001.548096191404,20417.05039535045,20649.91956825698,394,414.0
18289.642224463965,18555.895054528406,15862.505045395326,16123.24576870496,587,607.0
45334.979087439984,45606.57799996663,7505.7834878396825,7748.654712385032,184,204.0
18503.045845972734,18737.16424238267,25375.66158625212,25642.67890164599,194,214.0
42289.85512135227,42529.08606446027,47726.77943558859,48000.45927184324,863,883.0
40481.02805078675,40727.50602683086,38900.97435269125,39136.95712932164,287,307.0
24709.62723925428,24941.21286300646,1279.0490271694898,1542.9051290964746,195,215.0
33134.84806865955,33402.40178245605,43544.97639537374,43802.96934853816,318,338.0
33112.92453342422,33361.99380311435,39540.26738268791,39785.73523866243,158,178.0
18364.313154088708,18626.408433189292,19114.56563896254,19358.52324971548,857,877.0
28531.093488376802,28778.447682662223,47609.315504009435,47845.49484368238,580,600.0
14108.73500684952,14355.01162902023,25509.63014848502,25773.86674712312,14,34.0
30045.45829354366,30308.966109141784,13372.806093002748,13617.150829035476,178,198.0
21363.759892549606,21628.037955089712,1432.7149498314163,1703.737743219068,386,406.0
41957.156861258794,42203.528452512845,32321.189638597865,32576.01102160692,309,329.0
8135.677130342083,8409.689108609204,25681.32744878221,25928.413191398467,777,797.0
22490.78030560749,22754.77435047747,37472.373514017316,37735.754004476825,207,227.0
4989.174436745392,5238.569129735239,21816.34670974393,22042.260182828544,204,224.0
10092.265651051486,10323.668867988396,41032.898476577226,41288.21931256102,674,694.0
9435.138871395693,9661.28334080744,25424.557397536857,25666.955359769287,959,979.0
35807.91192852076,36041.31594870949,15185.798433469716,15423.555147431367,80,100.0
27880.190898025812,28151.589709008615,31325.475134856326,31557.84579580834,490,510.0
42265.508095590005,42529.59785660112,29729.28323006735,29984.923170694903,136,156.0
21971.239352084223,22198.329224709767,36729.0964064078,36999.52993616903,100,120.0
10579.244956773246,10829.544270703724,7501.588272146109,7738.991309014116,204,224.0
44149.6045152974,44395.622125627284,6459.508951761152,6726.131023222986,522,542.0
33368.57894243539,33627.7891291771,40485.52127443932,40717.26310977513,524,544.0
30337.928549490887,30604.908141956712,12946.458380720687,13177.183620370424,584,604.0
9436.590977684778,9686.146341074224,1657.2101289629911,1891.9984261008485,161,181.0
4622.842003438945,4886.250928151893,36281.42769930899,36547.45376965198,725,745.0
28035.015322394614,28304.92391516692,37131.37789461757,37386.44003208432,485,505.0
7870.639279466398,8106.831331871324,20421.815875626024,20657.05016856817,790,810.0
40743.69513907317,40976.71425763299,9510.624316696014,9760.864555287475,222,242.0
39789.435240186496,40018.57185929071,39667.70822440739,39916.513078015116,980,1000.0
6086.755162853418,6319.136743201932,37747.956719990405,37985.573726334726,258,278.0
3555.3057915216277,3826.131919068222,7485.389482042102,7742.074294204579,873,893.0
43255.444201543876,43520.61517856725,6521.573263538177,6763.6611611347635,504,524.0
42839.752147559004,43111.31596846608,5375.649972803367,5610.115984760368,131,151.0
13851.899082096203,14081.445593283192,48601.03592195707,48854.1712632337,818,838.0
41948.67874372425,42197.21937629635,32756.944827707994,33005.27273023828,936,956.0
32289.224970919153,32543.05750518809,991.6458786080697,1249.7463644324976,6,26.0
2109.418655234628,2340.0433953996203,41189.16657217627,41432.39161928762,767,787.0
25428.776967003065,25679.590752037697,12992.438676395963,13230.07341092988,169,189.0
29443.03279023344,29680.52396248438,17663.461328267735,17905.778348618303,320,340.0
30733.808176828625,30988.289593069498,25275.889642263748,25534.3651438517,358,378.0
10436.937011332326,10679.963800968877,41545.066785706054,41777.60107135051,276,296.0
48430.304868824285,48693.8587784401,14277.373740941986,14514.833621119702,113,133.0
10971.261469549254,11245.479385844263,9871.04009034072,10135.16682149854,441,461.0
22429.705081352135,22672.13213095834,25337.352144044173,25576.50758961539,135,155.0
9520.148017829764,9761.114462456284,15639.081137861986,15889.349959496676,765,785.0
36245.30302339907,36476.07169547161,24774.409592858006,25034.49597093542,517,537.0
13555.633332248988,13824.87847207145,38759.05753723158,39022.57062433091,700,720.0
21719.527851580893,21984.671460497466,17923.458669106425,18168.356243042912,667,687.0
22360.191520837703,22596.49329490484,38576.35663925801,38847.53892784785,16,36.0
28965.16815622518,29199.182677444423,17663.249844107097,17904.99279340802,770,790.0
36442.06561078069,36716.14015553556,36558.4642098101,36798.03537256963,78,98.0
42080.0,42342.7369968293,23818.84905277908,24090.796025835727,127,147.0
43014.084124497305,43266.70222978035,7128.9461155591625,7393.287893978755,114,134.0
32248.30974694679,32507.257375433055,25377.99223729416,25611.5784541314,355,375.0
16720.760192895337,16977.61444339448,37553.32667861556,37784.77972060283,826,846.0
33052.21197366126,33293.79008027391,37586.31638892084,37859.03944889364,696,716.0
10012.000720663911,10261.88683152077,28566.214760264,28830.356675703697,4,24.0
45775.738414216736,46033.67173309963,19014.160486922625,19274.409731453976,353,373.0
4883.409687988621,5128.647878346598,22123.37017790668,22355.87372899469,508,528.0
22501.55069874138,22734.994533430865,36353.363772091776,36586.05717161949,298,318.0
26116.609026883692,26368.266630336184,36398.326090368464,36658.899997161716,527,547.0
27800.83166926511,28056.448862978817,34311.26264110338,34566.32080771871,16,36.0
16088.889679593589,16327.274677853742,46562.08536190601,46823.066265035624,590,610.0
45588.316120982374,45845.811328012416,33172.81700639593,33412.04467249,325,345.0
41980.60614682743,42207.02523522236,32986.76046925182,33235.31196645376,674,694.0
16821.52183243832,17080.991488428135,32523.62630724871,32793.666994753396,948,968.0
4760.0,5007.341338152165,24921.53122738938,25195.97230247688,615,635.0
21423.34965017043,21667.51417248693,3003.7902047719635,3264.990524882162,686,706.0
22529.44180383427,22790.987194254263,28845.505648486822,29075.25474228218,274,294.0
46611.62218563961,46862.895200367326,8649.57654829646,8899.423018162357,408,428.0
9632.58004943447,9902.06897911811,3853.007119224564,4114.358674013253,574,594.0
35506.072027000024,35745.420857625446,12874.918594400187,13137.006447796995,983,1003.0
38843.47251600521,39102.6979284465,48111.79234315046,48368.98785714993,205,225.0
22953.650328855143,23181.74940679069,48433.456703329146,48694.4766635551,798,818.0
33030.43003027542,33288.09436195063,6861.378498486229,7106.519293709246,971,991.0
35101.170600079044,35327.7366236201,6882.941072567771,7124.584891087998,446,466.0
22365.76099878144,22624.739068228075,13010.344405029173,13242.09233084152,548,568.0
509.1794507952536,736.6355333318979,20390.336410984095,20637.84304267418,148,168.0
8829.97029775761,9060.525494460195,48617.0,48865.38887385967,953,973.0
33554.58268158633,33812.562194255865,40477.85432960342,40713.71053170248,796,816.0
23285.05732024625,23520.70168488463,48367.133107372116,48610.839697399424,402,422.0
41973.74285817364,42241.58349292219,33445.620339248395,33704.69614851001,366,386.0
29965.165813265015,30199.117516875845,8801.734885989117,9057.115392790563,433,453.0
9107.594022969874,9381.018724602187,31756.521813076877,32016.750865718554,354,374.0
48418.37581935816,48665.392490004335,24626.96722567364,24874.191008429934,204,224.0
3743.4676844723176,3989.1770821280456,3472.6892314298043,3738.5930707067114,618,638.0
30167.238861995007,30413.745116663616,16825.757439002406,17100.617166759654,521,541.0
20385.392780065293,20611.999013380995,7267.116528392838,7520.878227771691,656,676.0
35400.2403189479,35656.80125417871,48141.09264543108,48404.32216932257,503,523.0
16760.484237760407,16998.902927954176,37099.42629537387,37349.427981499815,626,646.0
8342.04724104242,8581.824353517897,34084.38153367464,34316.729618596284,616,636.0
21709.186429211793,21935.83647384397,45455.43804711185,45720.25356205913,198,218.0
21861.562433464715,22401.715227463552,44633.97281681792,45174.96046928814,411,451.0
15029.067545588812,15484.383865422156,37365.98606403069,37837.12144545555,625,665.0
16798.253431728343,17321.992077171995,35717.011849504226,36187.3633928597,356,396.0
28514.31491258116,28981.82299773104,48170.65616958063,48717.21313212705,213,253.0
18381.486873886697,18922.354307579648,19748.557435767198,20226.007374720397,223,263.0
19042.695642461582,19571.614016380416,41829.36770206774,42363.39813098364,139,179.0
32246.95502812969,32774.05369645824,24074.271706534608,24588.32923217871,220,260.0
5039.488614534709,5535.957506628038,21235.399502279644,21698.992048841792,327,367.0
3986.719499506912,4472.406624490095,34028.62229967489,34559.151859622136,374,414.0
17583.9974940778,18128.221266996028,30912.566349505112,31375.666492552653,920,960.0
9714.373796741444,10249.641650670592,4450.524141911507,4945.9276163353625,711,751.0
8149.957243078994,8698.662378095436,16749.72138798212,17291.681555798124,139,179.0
20690.66346796845,21235.186889600238,36895.16471708782,37376.344258715646,244,284.0
35093.36502226294,35594.7244404668,29638.234524666055,30100.079727296696,900,940.0
16135.12735628413,16676.06028052044,46515.764917312255,47034.720104070984,686,726.0
9523.3661955961,10012.664248854582,25424.791422269485,25942.227417025715,990,1030.0
43142.4655634879,43609.05317903033,5571.0276155687125,6065.07786211898,445,485.0
5041.941821437758,5534.794407962664,21207.07381432691,21756.468210884123,858,898.0
43165.051792752885,43632.071289447,6632.793416290231,7139.569304277645,499,539.0
19110.55607383327,19583.24755558462,14269.72273609265,14724.771021952418,443,483.0
29896.92024686098,30438.549887131157,7513.234698179172,7974.442506320278,786,826.0
38990.01058638632,39502.8664257014,12089.675867300626,12566.934479074183,988,1028.0
17247.414608764124,17702.126158085957,17970.554335845944,18422.153877222267,251,291.0
42090.64358139708,42563.244248922594,17316.97130242775,17809.78119174358,696,736.0
4725.9910461642285,5227.656791062863,31993.285747717142,32521.262072781577,462,502.0
39984.05044810258,40487.13985372028,2858.8330439175625,3339.5131704565038,289,329.0
18293.287958592027,18749.602472415834,15071.795712752491,15541.536321838093,159,199.0
2035.41297647055,2517.2679611923745,5399.573226533965,5948.951748850866,414,454.0
25544.077191422235,26077.06974983748,7097.755236623569,7608.030678893293,191,231.0
21988.259653943038,22506.28601783056,13299.491635131391,13796.368779423368,521,561.0
36617.30502094384,37139.73131685733,48190.839878219056,48657.57183521681,51,91.0
32455.977957503335,32981.453215500405,30664.870890824586,31162.61041436447,38,78.0
3072.854425956213,3531.2964334826684,4437.609972962278,4922.116754206956,585,625.0
18716.188035470797,19198.113763497422,30935.143475265664,31461.874537316435,957,997.0
4781.355042694695,5312.997635857704,37907.225784979506,38440.90246568713,358,398.0
15643.479165857647,16183.68937829974,17412.973041992605,17871.749818369266,713,753.0
16926.00191860667,17414.18853575788,28386.316524839694,28911.747934134026,116,156.0
41588.13344259524,42113.03159912341,37767.16328024018,38291.94545754298,388,428.0
42067.15793808083,42526.72928248595,24852.982171790296,25367.544306399574,968,1008.0
30051.184224957095,30522.503064004442,13545.299776832499,14078.514910740469,660,700.0
40315.07402493578,40806.51258924212,29691.05287890099,30145.740197004667,977,1017.0
18531.735810296184,19078.48361023467,27314.763424301917,27796.665141859605,259,299.0
31335.954058676183,31802.747249231143,17651.017996816023,18189.33346238294,787,827.0
11182.961353556175,11679.056246843898,11925.253556711064,12413.277714670197,196,236.0
38696.3933079356,39237.027849151506,1752.6352132730797,2278.499283249912,508,548.0
43602.70583578281,44077.696261579906,6416.413481570065,6874.651102312253,44,84.0
5086.4119014039225,5579.077720426958,20492.347746650965,21007.305110911893,464,504.0
18777.01111866941,19304.89116824207,48491.530658008174,49014.93189582202,660,700.0
4631.272627662336,5138.692483638385,17925.245711013577,18401.85516508,253,293.0
20035.65058821853,20507.697613797212,25547.8656872311,26037.978146364385,727,767.0
36216.97049537832,36717.58850327459,24771.957089034644,25318.281074047056,911,951.0
17550.76627305928,18007.533360622732,25561.111036317416,26053.697280269927,308,348.0
24406.40171854964,24901.79821775963,36535.93582410981,37002.40725798561,80,120.0
22460.659554084144,22977.339541613568,36615.742030938694,37156.241785764105,798,838.0
33012.443293028475,33516.22400483523,36342.63311111565,36884.35861767334,903,943.0
18439.36033475724,18951.315470822512,21907.809116322827,22455.151932330555,32,72.0
6061.110011657272,6599.51177680738,4744.220803954594,5249.8044123810005,972,1012.0
42094.59645816711,42577.949139626355,14726.756847334482,15266.32653530818,92,132.0
32618.966184182565,33076.458355576506,29771.926091968173,30234.93432612631,161,201.0
27721.680534509047,28176.78628702584,36301.47044988906,36793.71383958985,883,923.0
10980.370500735109,11435.26674126623,9957.425737740648,10442.216785083705,983,1023.0
39410.261368461666,39934.92947004724,29627.048537740015,30145.93677594998,299,339.0
40912.51411906887,41445.62939964858,38442.63230505548,38969.921754210816,815,855.0
16148.473970741898,16641.383062089924,30824.793023980754,31330.904731936473,144,184.0
11890.95603871904,12415.2264783893,30723.73853836431,31212.403586825018,845,885.0
29863.306962874132,30364.333542643366,6936.994284875031,7396.4974080922975,811,851.0
31293.31000026955,31826.79568797554,25255.62965516257,25743.408549907792,837,877.0
33835.645058330185,34290.43558269327,48140.69277229957,48631.54472535253,744,784.0
37229.629724297054,37774.30710001552,48195.96443748102,48655.063104848305,575,615.0
23295.37806709939,23784.217703074482,25610.79150102703,26152.447231584138,520,560.0
42263.355961577,42739.81007934509,4802.5950155306955,5331.82397384233,501,541.0
29991.72903596559,30450.42096110551,8828.840410848785,9358.945320656543,623,663.0
4758.018609793325,5266.312217166367,27377.01750422852,27917.393448357838,741,781.0
21686.421635141603,22230.69792452424,46489.376330492545,46988.72544134134,686,726.0
63.9596794609166,560.5269068483676,26048.803233315324,26523.439186044943,83,123.0
31212.475146185578,31693.76701787556,25258.581029145353,25730.46850887958,251,291.0
14694.124104553337,15201.455981418363,30768.42281739638,31245.39769203482,177,217.0
11577.772323409501,12031.946409402173,16424.160965203522,16907.96108176011,618,658.0
45709.53624357073,46256.981433855275,25358.566425660963,25829.519080092366,990,1030.0
4761.160383113699,5271.717694818218,26396.78969416675,26897.695641119342,169,209.0
37790.00416822841,38314.410152004704,17542.472230077983,18055.40386014014,366,406.0
30455.153622292055,30907.37345064038,27455.417591071062,27977.46511081164,593,633.0
29978.219059202976,30522.341507718298,6940.667072104133,7470.489708085181,43,83.0
7903.880172590511,8440.529509240927,37577.69051723208,38052.00484907777,882,922.0
4856.74045190026,5379.616941314369,2374.3634170899763,2849.1406633325823,737,777.0
38049.61528216747,38573.96309642892,28467.106428799514,28967.06242622594,161,201.0
14628.662280943263,15088.766296201078,7346.0,7847.411574865349,820,860.0
3698.209125927251,4243.029529112664,25454.744556923797,25924.110011345012,22,62.0
8135.86495906114,8670.040314765134,25800.880117357483,26329.132956741178,357,397.0
16760.375441410448,17222.753346094683,29446.317051353504,29936.762138924798,704,744.0
38113.77782695825,38607.572811384045,29646.0,30125.217882698205,402,442.0
6932.425819694643,7424.481975270409,1990.606132837436,2502.430554367869,649,689.0
21779.861161387485,22280.27067868045,43896.789932131716,44384.47973819092,601,641.0
18449.49378347086,18930.56542649092,20699.44353358459,21163.731737972757,831,871.0
395.73964001426634,923.5569547807893,11911.983081680746,12410.549110606858,692,732.0
6315.680294173453,6779.06448708151,2014.0696352263146,2486.4621231380424,216,256.0
17598.26004404668,18104.690666477785,28225.359818134388,28686.23929766639,932,972.0
16863.287194174765,17383.408897493122,33919.64552483003,34463.9715044301,500,540.0
4358.44563932137,4832.765380545524,33936.66024422154,34478.646983983526,705,745.0
27868.492261035826,28369.351531392414,31044.019691979607,31528.070968344888,245,285.0
42093.22586764125,42613.34607418743,22917.035414983326,23381.428687035295,875,915.0
22372.072787520337,22822.29396398978,13009.979260226097,13473.451944392984,891,931.0
28196.71465781961,28745.95114406314,38363.134507123585,38863.06223582098,705,745.0
13395.37708874129,13902.635499693397,30736.6894773265,31194.600943925063,769,809.0
4762.411658669358,5294.63319105937,25797.01161115444,26324.27080100209,254,294.0
11440.444217083937,11989.325547005858,37324.73696430664,37844.91745643007,326,366.0
11924.800878491464,12440.95405981802,39328.20680192339,39864.91408536618,332,372.0
43409.34338063669,43925.552064287076,6714.049961558261,7206.360098563744,662,702.0
21971.477781421556,22501.93611485521,40242.17250143527,40699.178457873495,473,513.0
12729.184642208933,13205.275423068353,43106.66334643671,43601.8751867269,341,381.0
18344.91925638108,18812.553393735925,18562.45718644135,19084.871133142522,888,928.0
11316.627151171033,11861.84032042918,42477.39024487398,43006.180023784356,856,896.0
33108.84903879483,33587.092337395705,45653.00094387369,46129.54798776599,987,1027.0
43976.61896045752,44478.03375633051,6048.08435635998,6543.383761518931,43,83.0
44063.26354374697,44562.179335930305,6382.980355218837,6881.029083338566,548,588.0
26752.610112620307,27243.403293762523,27679.532111473683,28209.95162413677,488,528.0
29905.510879197507,30393.467454308837,2486.942052584949,2982.413805416248,510,550.0
36417.00858640322,36882.26653702437,27134.27472979476,27674.720203320663,254,294.0
47703.7336601921,48169.97982466391,40459.43281538957,41009.235954054755,22,62.0
32615.563829869232,33070.14436515552,31555.198501324303,32038.24714270662,686,726.0
35273.734757444174,35742.561267179924,6738.9603914392455,7262.990724109509,69,109.0
18509.401242373748,19025.235237815996,24713.819081331167,25245.63651620693,759,799.0
42079.53225674444,42537.89960566433,26754.532361973255,27289.26950288835,633,673.0
41036.23081846382,41495.09592028822,29703.29429896676,30217.137658415966,329,369.0
38118.17461305192,38583.799172648025,29755.504063940476,30233.167638202678,98,138.0
18206.010461494396,19214.534652381466,25570.09931765144,26539.128102931416,302,362.0
4710.618072726606,5717.046562843378,24467.73632699505,25443.83550097565,527,587.0
18712.967988679477,19749.521572693604,7280.4348150623,8276.580793476884,703,763.0
29993.163846854844,30909.39655729281,9999.069569264517,10984.17181327892,527,587.0
18446.14346654799,19391.548354546776,22038.49745549127,22967.812778156946,874,934.0
22226.69504185457,23182.85076642867,18925.89732775518,19935.84934316411,656,716.0
9104.230924515978,10071.968425382629,31758.529575086883,32713.34281407928,592,652.0
33089.63132481885,34144.528603234176,36415.58795184252,37474.01476809588,140,200.0
4858.258221829385,5859.055147884129,22364.14601125128,23432.76672966453,905,965.0
10535.202082158128,11507.114014634742,33785.563746457054,34800.37443246085,526,586.0
20866.01139947543,21934.932798748658,13489.53710889654,14483.871998269919,739,799.0
45551.83703143503,46599.48814535444,33894.92540774027,34980.903808683484,377,437.0
45586.0,46616.59154038195,33054.0,34150.677421990265,868,928.0
18340.879573813596,19324.46965119323,17299.116290552396,18260.75369823959,668,728.0
16752.49580408266,17703.46544648104,37355.889315685126,38429.678225116,187,247.0
12539.774093946598,13592.75446419342,25502.0,26424.816732660616,324,384.0
32150.851292896026,33166.18235652161,20915.8241853137,21941.508230426996,100,160.0
23801.391651016256,24760.265957569245,7365.326696806398,8404.669687577103,754,814.0
18474.912609747676,19490.244504908762,24947.97126857902,25936.420848521793,653,713.0
38744.0,39773.21134222846,46408.51247256828,47362.471506181944,921,981.0
28901.271756028837,29979.544861784238,40692.8526817419,41702.69578582113,963,1023.0
34765.12818419398,35795.30622256743,29647.074587778476,30668.304371144302,882,942.0
35485.89576076494,36579.467765923284,40192.95639566194,41240.14634939547,273,333.0
37939.24641322218,38996.9364262398,8061.208502395151,8981.876422488782,93,153.0
21925.83286941356,22853.157672797934,40781.93871857538,41708.9578522157,223,283.0
39767.68199849966,40753.79118753683,9738.960842062726,10669.442333235656,313,373.0
32966.55316490493,34039.348075173395,25251.27019178933,26350.501635560475,886,946.0
30065.76094690822,31099.923672733163,13975.146158339563,14919.883117895757,322,382.0
3698.6157999471766,4665.573636881106,17995.494457092896,19004.60611868207,21,81.0
27783.969070739415,28862.09347942246,34407.749167426875,35496.498959657336,577,637.0
784.9956547933955,1714.0434115285084,13628.135658387559,14600.792232111808,135,195.0
34408.37996112675,35499.99248153209,48190.97442507441,49288.489969380666,581,641.0
31414.52360902379,32377.589559677206,25251.204006161403,26161.790140461413,912,972.0
33057.91916481405,34152.89711593142,37755.7225263097,38735.74330102896,215,275.0
35807.82767194318,36880.590453361445,20402.620961153418,21365.32449918814,340,400.0
45415.80588746683,46400.92605327491,7578.364732700059,8583.147424597768,673,733.0
14714.629122754786,15754.895550008392,43092.00829970656,44155.50335430593,188,248.0
16696.187191551122,17730.072290843982,37871.269711947636,38950.21502929779,121,181.0
28451.96987549532,29526.960500175483,1146.6737418085424,2129.7610336712237,843,903.0
7297.26062698469,8385.680412498295,32886.551403521815,33803.048154727156,989,1049.0
45583.13838453612,46515.67055234935,31620.359093960604,32711.18540548667,524,584.0
7875.355345713489,8944.292539827187,32489.23251886185,33581.20037785889,426,486.0
9492.64461154251,10489.502804636102,2048.3171931165944,3059.056101595508,375,435.0
34031.311566919074,34943.11744541373,44062.0,45010.72666722467,839,899.0
40433.34413809762,41471.48277566195,39351.45943169482,40373.50683166272,368,428.0
25889.186439222234,26789.56920743947,1235.3165353303614,2329.8357356857778,229,289.0
32536.754489882045,33569.97258108631,25206.275834509037,26188.442611508744,430,490.0
28365.49443160534,29344.35474264599,20668.141932541177,21745.53451374822,748,808.0
47818.38422238087,48875.442477605815,39510.330165357824,40444.08791713674,49,109.0
41473.502549146695,42459.23816073297,37896.6083353736,38825.3458992292,689,749.0
41506.78822382292,42471.449638522,8955.341291114657,9957.055720703202,803,863.0
25614.407795020205,26625.603253193123,12990.211106459758,14067.909770811892,55,115.0
24400.573115905157,25366.70133094954,36536.50531868524,37564.9025913782,168,228.0
5247.395060676208,6172.479406363663,17923.0,18928.7637691593,711,771.0
48433.0,49511.86147947087,17637.857502720013,18557.524348223917,45,105.0
36263.8789356979,37259.131505496065,25454.42882470499,26529.568331142684,427,487.0
8705.293522170141,9722.919109952716,38397.54824442228,39376.95199476279,47,107.0
19226.45938479021,20276.324511491548,14225.649813461858,15230.485570438435,445,505.0
21478.439480606452,22537.427085535222,4886.9293557805995,5866.613780059645,463,523.0
18234.611192002954,19173.743100137883,11747.851791540066,12691.041657190457,353,413.0
30241.406193756786,31143.578237960293,25297.349034066614,26383.1983941529,276,336.0
32118.235703893526,33088.41522098557,19803.553054025382,20773.683370107137,442,502.0
38772.070032309086,39786.83571872833,1808.2294412108847,2731.9899240506907,943,1003.0
22302.085872206866,23286.957101901582,25551.583691134194,26613.118928272048,435,495.0
42394.644918103026,43335.732094570354,7585.673924696264,8651.736778235785,140,200.0
38187.98804839369,39092.31913157885,30085.212754905177,31016.017515690193,692,752.0
22994.08473461677,23953.661386439653,44245.44380777389,45230.61293354233,63,123.0
29914.829598000153,30946.55015798715,5527.7310560109845,6610.460947602499,146,206.0
44493.21318098784,45554.641990279204,20722.65971755571,21670.013496428608,201,261.0
33001.33218533084,34008.91842038483,36018.8236867844,37013.49892901542,921,981.0
8020.96829079894,8966.302148247893,12853.49096099962,13878.242591697965,225,285.0
4727.459007586021,5673.588590216411,34794.168068252504,35855.94752160451,944,1004.0
30197.299124346013,31295.860758989766,17112.592482895685,18201.342634709195,468,528.0
46927.508273333544,48021.28121167745,17550.960904829575,18539.8613013079,770,830.0
32697.227523403308,33696.82111308274,48184.22114316909,49144.824926005276,380,440.0
10936.63141225496,11888.573383429077,9542.625371165155,10568.678602286844,691,751.0
41687.93497498558,42731.86276121645,8735.8452039542,9743.12218519742,735,795.0
16302.960013103337,17232.781081702044,42296.167835771506,43315.73315805057,426,486.0
34728.07113172874,35660.97232929174,29648.639218882563,30680.529155989054,766,826.0
40636.19507800225,41728.2704530306,26531.584670429907,27594.832933228026,385,445.0
35096.39162741911,36040.838646113305,40228.77401460983,41192.278906848165,105,165.0
17379.85059733202,18450.703851199094,30861.694659835914,31795.75101923848,878,938.0
10398.678921806862,11451.333955191752,7565.499874223177,8621.902451463164,22,82.0
19038.084111847547,20073.561223240267,48489.236519228056,49392.147809926326,568,628.0
21757.541834794134,22758.37003035161,13076.393413095304,13980.281121672875,961,1021.0
21298.803960965943,22328.63107798569,48495.271621188476,49556.41055015542,110,170.0
17216.40919839652,18224.233119686927,28263.664086034758,29291.69605781057,122,182.0
4724.994943460226,5692.771066840007,30100.14737561034,31160.131306385676,227,287.0
7952.5156108243,8974.190068184858,14866.811072242821,15881.268811104992,446,506.0
16138.804170927226,17188.50642740003,47622.31473142794,48718.581600625126,272,332.0
32399.787920886294,33339.34258226541,28712.658188867106,29799.975290172984,941,1001.0
44281.04531557319,45340.42784316657,39966.10075827477,41037.54087925182,989,1049.0
44338.62394166842,45328.78872185767,5602.856061342834,6566.481203659281,24,84.0
35414.3602981687,36463.417989318856,25191.778339166394,26123.643249984227,257,317.0
4734.120763719655,5820.8930469515935,34643.34590938702,35683.15724690774,184,244.0
32146.72841885829,33188.21373686689,20633.701804731558,21688.997807222473,711,771.0
33104.65073477808,34165.317038623834,42984.01320961728,44046.78774679188,745,805.0
38744.0,39656.14266107997,46656.149468353724,47668.261729185986,909,969.0
45576.31951156878,46535.20418485245,32027.07326468311,33013.49532349208,79,139.0
44448.15276907499,45468.46112208293,46377.54988125341,47378.161811798316,95,155.0
33185.984479421604,34218.61740573726,40635.91105795173,41733.7838877738,234,294.0
41091.838913985,42019.235311629454,9458.13667273083,10439.061518579414,337,397.0
22193.25166196678,23230.584281865486,18234.474003457683,19325.259178324282,617,677.0
32320.884066358387,33365.339790730046,25213.756492749955,26162.305271265388,418,478.0
8183.259471675348,9220.921501403209,29230.348975486435,30298.835045272586,807,867.0
48272.15541725335,49267.18377105096,11468.397749294823,12415.019017095168,794,854.0
14908.139623658097,15906.249943099487,17953.75848695052,18875.77701759965,582,642.0
22510.64794706197,23516.13452529471,34123.00249905738,35143.69975863369,872,932.0
41982.77790246858,42998.09534512567,32841.56309210066,33905.69339798542,914,974.0
16442.944075733067,17459.51733582901,43070.02809568123,43992.79413227477,719,779.0
21400.758483862082,22316.81144070822,2410.3519385877553,3473.03587853446,589,649.0
23125.5295307283,24223.885093893146,40676.80639597383,41647.42902702338,23,83.0
21749.06493409083,22773.391872502903,45275.09645365291,46227.87036514994,300,360.0
33165.587469222985,34112.104390070715,41837.28590955085,42913.451664082575,968,1028.0
42699.20418059485,43794.07189974024,36341.2365321257,37278.27254173682,129,189.0
28913.844313935144,29835.934154577008,20547.01055397145,21469.32651689308,784,844.0
28021.513733715525,28995.282528656633,20686.112355232817,21589.896630088835,810,870.0
31201.182829876794,32184.983998251035,987.1805955404562,2085.5930229222145,201,261.0
8417.884997523483,9447.552313831577,48668.240619855176,49582.960180007176,162,222.0
14581.326298621609,15619.888093254622,7346.0,8429.846297633898,697,757.0
33635.884583935695,34619.23055954604,25232.14397182894,26330.416206320944,777,837.0
16900.496159180875,17859.603999864205,34822.12511470248,35791.828912560755,628,688.0
11094.892155200687,12062.988772737508,30819.709883414303,31915.63849654796,700,760.0
45541.256267243596,46450.91591114983,41021.27180030527,41952.29378885953,646,706.0
8157.0,9254.553811576981,22809.34467359108,23858.36407828859,885,945.0
34877.34022574646,36987.80862706487,836.7560092582264,2842.185804232794,151,251.0
30627.973287561672,32822.51630795064,48135.16149831203,50089.1804163817,672,772.0
45422.75546736264,47612.53381624945,7584.605350415063,9634.254580486418,433,533.0
40709.82053515131,42777.62009250112,29640.706534017416,31638.00920985246,815,915.0
47971.71317726373,50142.19776151386,38218.443270285505,40261.3432519635,913,1013.0
28499.5201974035,30387.195723706613,46733.94795789059,48691.6305847316,38,138.0
42067.63937698286,43900.85257376838,24801.10713009739,26730.276775466806,924,1024.0
36460.39821022039,38349.7678192222,40105.84888347168,42293.03349417934,530,630.0
21139.527654269554,23089.012553407476,17961.38783732297,19816.894504678665,807,907.0
16089.98124821958,18148.17688584307,44757.00012208598,46697.08252119824,598,698.0
18786.730630508155,20645.71172333796,20593.5980514638,22455.02442251963,396,496.0
48427.33312766271,50608.59924978103,12444.028984870822,14274.429106125835,433,533.0
48377.178559675594,50313.50943249066,15149.764561938891,17171.11153624497,937,1037.0
12498.742134059996,14634.80129911472,16084.022408376857,18274.36978707168,695,795.0
8145.184801909187,9989.941054964045,18729.922825782498,20927.433047909253,18,118.0
35793.41842964885,37699.958683499186,25179.88875965442,27231.36444317417,246,346.0
2647.020731326768,4631.070612531898,13673.023521784256,15817.922064055661,190,290.0
25489.454179283577,27526.00039316886,48276.620502244965,50144.41705871222,913,1013.0
18191.089746283,20065.94841654576,10977.589851320032,13170.242307267918,395,495.0
45086.768855442904,47267.22325949144,45839.45161465409,47801.83206947748,80,180.0
38401.27779343106,40432.30205398271,40696.47453108082,42570.27829103238,614,714.0
5507.001616453749,7580.195019744433,28576.934754526414,30591.51390817471,303,403.0
46216.3813397323,48046.97853266313,23002.64394058503,25144.915607568648,631,731.0
18160.33926692052,20356.482111490306,10817.070150595368,12700.603974099502,135,235.0
41964.24464454845,44140.432160527664,11846.334382776147,13899.072479851975,919,1019.0
42712.53217051986,44525.815353544036,5198.507688121245,7030.1910050083525,357,457.0
46213.794518490075,48398.28431111481,8293.75813850168,10409.446827568532,186,286.0
16134.519062064335,18236.38334473055,45025.365130763654,47013.79192342877,942,1042.0
31633.161024034882,33577.26363847578,17599.687678310973,19454.58029933279,770,870.0
8182.59368050639,10344.29009542425,28853.36805063902,31037.79543569325,261,361.0
29932.83257683746,31968.46233340134,7933.798369710993,9742.549553328388,319,419.0
18948.310908416915,20938.806663935215,25533.31830275407,27368.148204619887,145,245.0
13618.714036661457,15585.345660602843,43130.38357509182,45122.45343138761,644,744.0
12048.902194937964,14173.331136899762,30718.963422013505,32885.70012014543,212,312.0
39811.1646882126,41780.71881288253,48068.50795996001,49971.76550361869,783,883.0
22528.28026240703,24560.796849649156,29446.58796342027,31505.23508279277,786,886.0
8859.0,10877.65868858489,8321.0,10437.503359523633,0,100.0
18751.80181678938,20553.238572449936,41938.55361170371,43797.37774438409,660,760.0
16569.0,18705.439926612627,1553.0,3745.341791646479,176,276.0
34816.7473493629,36628.059154779905,29644.89511191579,31794.01341482478,974,1074.0
18095.86902082648,19925.348301554703,8058.711185181826,10174.798287736674,567,667.0
23539.06329495088,25442.202773854922,30975.648702146093,33103.7069373572,587,687.0
16135.235583142103,18119.38125285983,46625.78659243239,48663.671282558455,122,222.0
21812.803602283693,23888.91308061543,41618.440503757396,43469.803948763874,840,940.0
41971.76560867838,43882.26071895105,30861.675465952492,32704.007201340162,725,825.0
38173.62277188215,40245.432459101474,35187.974598465196,37224.15944237871,274,374.0
42993.68393604014,44887.80300492334,7153.665087966585,9230.357992027306,976,1076.0
29092.631780176398,30953.422556904145,25339.666045142305,27529.636157124252,520,620.0
5017.729473495385,6990.623103411193,17853.637012288204,19827.201603173566,718,818.0
4994.006349003195,7038.78582901022,21760.55555790125,23740.06983678697,212,312.0
42053.63679217271,43956.151929201806,28111.329090896044,30208.082636071456,156,256.0
22133.1578296784,24293.66932295307,16167.098627196818,18074.29936199077,451,551.0
21910.06159533065,23777.3571145783,30951.923002904325,33147.969959082766,789,889.0
11434.765902611101,13537.441445259185,14476.732959733858,16279.56394293931,724,824.0
43885.53765292199,45787.3010222954,5843.154816493616,7708.2466987965245,237,337.0
21265.54112455294,23151.967242542465,13318.448629997087,15437.45005275199,704,804.0
22477.114091033734,24620.620370056782,30900.545775293496,32791.583359375174,947,1047.0
35923.8584764408,38075.89044420193,18749.805620220657,20733.12573497807,643,743.0
43200.63586384631,45234.957375438324,5693.649883681758,7670.1779245660355,94,194.0
32984.46368747593,34929.764562356344,35567.73690430343,37648.305739413336,401,501.0
42390.7752137736,44327.183172105135,38860.70632233577,40705.114095277255,705,805.0
14467.288599474812,16564.746992628094,17922.847398473095,19934.81107975432,820,920.0
31883.091983362792,34002.11374052424,36189.98948726599,38365.41407564757,66,166.0
18530.799971501838,20422.629649336384,23351.51560036049,25224.761415812605,902,1002.0
18447.0228064758,20506.614266030327,22055.461831134966,24078.715629810577,898,998.0
6642.612500512661,8568.41041356583,25456.313744815405,27411.279785459472,969,1069.0
30014.339888371524,31842.524805941084,11309.153599967398,13289.01568024605,466,566.0
42038.0,43954.89095324276,21397.831537168793,23504.067269769257,518,618.0
9093.737011218089,10946.452733309428,1964.5773770202945,3806.7504943681506,466,566.0
39838.886143301184,41945.53758548934,39561.34159215008,41577.315571497034,959,1059.0
21282.31619617612,23429.16214699104,13311.921994413791,15430.60765569243,705,805.0
15596.580708178093,17485.035399852117,30801.893611104682,32960.76671547006,369,469.0
7524.027136804788,9403.915456720659,37613.169436927696,39684.63526912463,935,1035.0
36130.312291439426,38104.00076850064,792.9233838930787,2715.185542852593,404,504.0
41730.003984666735,43595.3699224692,17564.862056474398,19618.394763656415,578,678.0
12742.284290735199,14823.917860191044,30719.45747124602,32653.10289055034,649,749.0
10593.792613714482,12601.022226228737,41804.10935360212,43915.23331585723,841,941.0
16425.181015030706,18499.609561197536,40902.880669581915,42710.74018200856,9,109.0
45695.472494448935,47658.71326319984,26084.607474073753,28111.964253760718,605,705.0
9448.987594379398,11522.146661777948,17957.0628144408,20146.37828231125,775,875.0
36254.77576752855,38362.564408555554,17586.460730674735,19448.647144269296,72,172.0
29467.379810929357,31534.17753467707,17663.305257622247,19718.885464844927,856,956.0
41986.85226304447,43997.85705900239,32546.182747730913,34489.40128448433,357,457.0
32889.84494436992,35089.47497177179,25194.04002668025,27294.00509162204,201,301.0
27346.72088412763,29178.77401506996,1180.5922137935027,3166.5999011258778,6,106.0
39746.72985539396,41810.393947580524,48129.90909265348,50160.84344128384,759,859.0
42057.11284873814,43880.18499542038,8288.511215158873,10235.99138956836,880,980.0
45800.93821166876,47648.29056825583,41367.0635561631,43301.33924024415,247,347.0
5287.469732630518,7111.21204107654,19566.766864658497,21564.759751914746,995,1095.0
40351.364052310964,42544.89212437208,3181.024071746903,5241.528269907014,331,431.0
21380.70891213985,23312.150303651655,1884.223522014716,3882.9561122015307,217,317.0
11641.859664801652,13762.62370466336,20284.942602161882,22088.93496087157,7,107.0
48277.368347225056,50363.35839015043,11497.391569327949,13380.933477227612,839,939.0
8818.167005484309,10793.00484372175,1920.6102711511992,3819.195717835919,825,925.0
2085.6673770441716,3990.247034402572,37765.52070803621,39784.14088918946,536,636.0
13545.196082338696,15383.677099947248,48659.09399937936,50724.73781762612,137,237.0
22513.038532710943,24522.175023252814,27862.04862850981,29951.170929778502,686,786.0
39765.07013663919,41954.663434697795,2666.7533310606646,4729.504514980312,234,334.0
20188.597469186814,22380.48007672613,17978.494255552116,20114.126274981358,486,586.0
32498.168977702648,34327.09622426903,30586.58191471638,32777.630164911694,137,237.0
38088.251891293236,40222.75700681166,28790.5194733278,30773.1402486416,70,170.0
30150.712961024936,31954.573465437716,16234.919253751586,18090.902192401343,229,329.0
33534.838968563185,35711.95960526947,47894.033811379115,49964.93345232921,960,1060.0
21390.75071623181,23295.503646067005,13269.733644167045,15088.852503725098,407,507.0
32425.467025141854,34286.11016854646,28111.215451252476,30069.94535255538,167,267.0
37309.1827337049,39406.42519776697,17575.359778326132,19614.48607517331,351,451.0
6495.318373096419,8426.390626511862,25422.213488069407,27223.98561082579,777,877.0
32623.57350335653,34659.71839810345,31590.089124469723,33699.199444440965,187,287.0
13312.631912025377,15345.784478414269,7328.9453137576365,9285.831785900464,264,364.0
45557.0,47479.560915245915,35273.073835175834,37201.158310546656,346,446.0
4749.264250799488,6851.67601216431,31065.462935161315,33091.43304859051,317,417.0
29897.628990812063,32040.25988525825,3662.446654385504,5604.483257514734,113,213.0
22504.14395377659,24332.159580966607,35724.06721688025,37759.964256945015,601,701.0
8187.442604706768,10382.495292247917,30292.192014346114,32203.649065723937,236,336.0
42060.02672530773,44095.905765870666,15942.014320219978,17748.90656487589,690,790.0
10598.617106804393,12551.09379025147,36349.548768831686,38201.20521477216,305,405.0
26785.462008248105,28646.62657124434,40689.11039700953,42842.63203109518,443,543.0
42041.474688954324,44085.2064425825,26890.82239528846,28843.59651712272,642,742.0
8105.714984967218,10286.407835148473,16506.26148528721,18414.32907336722,371,471.0
36464.79154371501,38451.91161356257,17585.60725071792,19751.60343187671,239,339.0
13923.037946446577,15800.637958009409,25508.680731233548,27430.90170054293,324,424.0
29593.35397978023,31508.65180351199,17666.70176282426,19731.40537693297,974,1074.0
30368.59422229027,32289.72928635606,44074.92091703409,46138.00712731937,50,150.0
15519.266342086585,17331.43999423563,25536.953591589085,27364.147598349868,829,929.0
21796.15591765453,23940.082012662588,11153.620125599773,12987.699962480134,4,104.0